6096.2 4.43706 19.7347
6096.2 4.43946 19.7482
6096.19 4.4432 19.7838
6095.9 4.44828 19.719
6095.84 4.45465 19.1599
6095.89 4.46188 18.9079
6096.09 4.46974 18.8263
6096.08 4.47826 18.8217
6096.08 4.48776 18.9223
6096.03 4.49842 19.037
6096.06 4.51026 19.0263
6096.02 4.52315 18.9954
6095.96 4.53682 18.8034
6095.87 4.55141 18.522
6096.41 4.56665 18.0487
6095.9 4.58195 18.615
6095.83 4.59732 18.9676
6096.05 4.61272 18.7227
6095.95 4.62717 18.9072
6095.98 4.64127 19.103
6096.08 4.65563 19.0649
6095.85 4.67061 19.0406
6096.06 4.68687 18.7512
6095.95 4.70419 18.8274
6096.01 4.72153 18.8035
6096.1 4.73841 18.7428
6096.07 4.75484 18.8897
6095.93 4.77137 18.9329
6096.06 4.78806 18.8156
6096.06 4.80487 18.8834
6096.04 4.82224 19.0345
6096.01 4.84007 19.1939
6096.04 4.85818 18.9696
6095.94 4.87656 18.9388
6095.73 4.89516 18.9152
6095.67 4.91406 18.9874
6096.15 4.93269 18.7685
6095.81 4.95063 18.7989
6095.94 4.96809 18.6051
6095.93 4.98448 18.7387
6095.91 5.00047 18.878
6096.08 5.01636 18.6671
6096.04 5.03145 18.7936
6095.91 5.04623 19.0551
6096.17 5.06135 18.8777
6095.93 5.07707 18.9992
6096 5.09374 18.9197
6095.82 5.11198 19.0147
6095.78 5.13158 19.0452
6096.31 5.15153 18.3445
6095.94 5.17067 18.2344
6095.77 5.1883 18.6377
6095.74 5.20602 18.9786
6095.97 5.22481 18.7782
6095.82 5.24464 18.7141
6096.28 5.26426 18.4348
6095.96 5.28261 18.8976
6096.04 5.30061 19.0277
6095.94 5.31838 18.9651
6096.06 5.33592 18.8148
6095.93 5.35355 18.9869
6096.02 5.37151 18.8001
6096.07 5.38988 18.608
6096.01 5.40898 18.535
6095.94 5.42884 18.652
6095.97 5.44968 18.8694
6096.01 5.47182 18.8489
6096.18 5.49514 18.7913
6095.91 5.51893 19.0848
6096.24 5.54313 18.9984
6095.97 5.56707 19.3164
6096.06 5.59108 19.2917
6095.95 5.61531 18.9622
6096.04 5.63895 18.6363
6096.01 5.66145 18.7421
6096.06 5.68324 18.841
6096.04 5.70482 18.9208
6096 5.726 18.9243
6096.16 5.74727 18.9432
6095.96 5.76896 19.1343
6096.02 5.7909 19.0629
6096.15 5.81272 18.8792
6095.88 5.83378 19.1549
6096.1 5.85493 19.1493
6096.12 5.87717 19.0594
6096 5.90025 19.1317
6096.09 5.92386 18.9442
6096.01 5.94749 18.8906
6096.14 5.97072 18.842
6095.91 5.99353 18.9194
6096.3 6.01622 18.6896
6095.86 6.03924 18.8846
6095.88 6.06243 18.4422
6095.78 6.0843 18.3778
6096.04 6.10512 18.5762
6095.94 6.12591 18.6658
6096.03 6.14659 18.5731
6095.98 6.16684 18.6216
6096.08 6.18619 18.7448
6095.96 6.20422 18.988
6096.15 6.22146 18.8971
6095.96 6.23817 19.0489
6095.97 6.25519 18.8953
6096.08 6.27251 18.689
6096.04 6.2897 18.7025
6096.03 6.30642 18.7017
6095.99 6.32288 18.7269
6095.81 6.33955 18.7667
6095.98 6.35583 18.8268
6096.06 6.37132 19.0706
6095.73 6.38658 19.2225
6095.31 6.40183 19.1388
6095.96 6.4172 19.324
6096.15 6.43304 18.7454
6096.1 6.44885 18.467
6095.91 6.46411 18.8528
6095.9 6.47901 19.0772
6095.95 6.49358 18.7487
6096.18 6.50732 18.534
6095.95 6.52053 18.9826
6095.93 6.5337 19.0752
6096.07 6.54701 18.7003
6096.01 6.56031 18.6868
6096.01 6.57327 18.849
6096.15 6.58559 18.8947
6095.7 6.59709 19.1558
6096.32 6.60826 18.5671
6095.7 6.61898 18.935
6096.1 6.62973 18.5741
6096.05 6.6411 18.5576
6095.86 6.65379 19.0745
6095.95 6.66742 19.2353
6096.22 6.68167 19.0533
6095.99 6.69629 19.2477
6096.09 6.71113 19.1304
6096.09 6.72607 18.8876
6096.14 6.74111 18.8403
6095.96 6.75614 19.017
6095.97 6.77113 18.7526
6096.09 6.78615 18.5652
6095.82 6.80057 18.7822
6095.99 6.81417 18.5352
6095.95 6.82686 18.4812
6095.89 6.83926 18.5485
6095.83 6.85203 18.2605
6095.53 6.8642 18.1963
6096.07 6.87564 18.2911
6095.97 6.88728 18.7592
6096 6.89986 19.1712
6095.92 6.91341 19.453
6095.96 6.92751 19.1442
6095.99 6.94166 18.7878
6096.11 6.95535 18.6965
6096.04 6.96826 18.7474
6095.8 6.98073 18.9014
6095.74 6.99342 18.6561
6095.69 7.00602 18.6285
6095.95 7.01836 18.7954
6096.07 7.03052 18.8805
6095.99 7.04257 18.8762
6096.01 7.05531 19.0444
6096.01 7.06879 19.0265
6096.17 7.0821 18.8875
6095.93 7.09461 19.1463
6095.86 7.1069 18.8143
6096.18 7.11845 18.396
6095.84 7.12877 18.8724
6096.12 7.13867 18.9
6095.92 7.14931 18.9536
6095.89 7.16143 18.5436
6096.33 7.17492 18.164
6095.83 7.19 19.0472
6095.97 7.20628 19.2804
6096.01 7.22304 19.3337
6096.11 7.23991 19.3678
6095.99 7.25698 19.288
6096.15 7.27468 19.0881
6095.79 7.29344 18.8279
6096.09 7.31213 18.4233
6095.99 7.33007 18.8421
6096.01 7.34786 19.2234
6095.99 7.36577 19.2026
6095.87 7.38304 19.2085
6096.28 7.39962 18.8613
6095.9 7.41605 19.0652
6096.1 7.43238 19.0439
6096.02 7.44848 18.9423
6096.2 7.46449 18.8562
6096.01 7.48052 19.1019
6096.07 7.49647 19.1328
6096.18 7.51249 19.0743
6095.99 7.52882 19.2649
6096.13 7.54569 19.1672
6096.09 7.56311 19.1887
6096.05 7.58075 19.2032
6096.14 7.59814 19.1734
6096.04 7.61494 19.3309
6096.12 7.63127 19.344
6095.9 7.64748 19.2883
6096.24 7.66424 18.6917
6095.99 7.68192 18.7379
6096.01 7.70012 18.9407
6095.98 7.71829 18.9104
6096.16 7.73613 18.689
6095.93 7.75309 18.9531
6096.04 7.76918 18.9993
6095.93 7.78519 18.9538
6095.84 7.80139 18.5165
6096.19 7.81688 18.1294
6095.96 7.83077 18.7795
6096.02 7.84433 19.2256
6096.1 7.85822 19.3867
6096 7.87252 19.3738
6096.12 7.88734 19.0788
6095.98 7.90234 19.0632
6095.76 7.91701 18.8472
6095.88 7.93105 18.5292
6095.86 7.94443 18.4097
6096.12 7.95728 18.3949
6095.71 7.96977 18.8655
6095.98 7.98147 18.9641
6095.97 7.99234 19.2372
6096.11 8.00362 19.1653
6095.96 8.01589 19.0286
6095.84 8.02869 18.567
6096.07 8.04089 18.0371
6095.92 8.05182 18.4431
6096.03 8.06232 18.7406
6095.94 8.07278 18.8057
6095.97 8.08301 18.7641
6096.05 8.09331 18.6586
6095.89 8.10394 18.8534
6096 8.11462 18.8037
6095.95 8.12524 18.7381
6095.97 8.13597 18.8613
6095.93 8.14719 18.8373
6095.92 8.15889 18.5578
6095.89 8.17134 18.7711
6095.74 8.18464 18.9566
6096.13 8.19827 18.5034
6095.93 8.21185 18.4891
6096.15 8.22567 18.344
6095.81 8.23995 18.7747
6095.93 8.25434 19.039
6096.06 8.26889 19.0447
6095.85 8.28375 19.0865
6096.03 8.29916 18.5662
6095.97 8.31423 18.3951
6095.78 8.32827 18.8626
6096.11 8.34172 18.8292
6096.09 8.35514 19.029
6095.91 8.36864 19.3491
6095.96 8.38229 19.034
6096.22 8.39555 18.7357
6095.9 8.40835 19.0798
6095.96 8.42144 19.1377
6096.09 8.43517 18.9761
6095.94 8.44963 18.7445
6096.04 8.46444 18.5864
6095.85 8.47944 18.8747
6096.09 8.4951 18.6714
6095.91 8.51187 18.4463
6096.06 8.52933 18.4484
6095.94 8.54716 18.939
6095.88 8.56522 19.024
6095.99 8.58326 18.4792
6096.19 8.6007 18.3097
6095.91 8.61731 18.9257
6095.98 8.63387 19.1793
6096.12 8.65077 19.0397
6096.05 8.66777 18.9661
6096.1 8.68476 19.027
6095.96 8.70185 19.1431
6096.23 8.71861 18.9145
6095.96 8.73539 19.1391
6095.78 8.75289 19.0854
6096.58 8.7708 18.2001
6095.47 8.78792 18.4824
6096.56 8.80422 18.2089
6095.6 8.81999 19.1655
6096.32 8.83553 18.8727
6095.96 8.85096 18.976
6096.04 8.86691 18.7959
6096.13 8.88347 18.7267
6096.06 8.9005 18.8622
6095.98 8.91826 18.9632
6096.13 8.93653 18.7911
6096.07 8.95521 18.8808
6095.92 8.97427 19.0857
6095.98 8.99358 18.804
6096.01 9.01289 18.5946
6096.04 9.03213 18.7304
6095.9 9.05119 19.0663
6096.02 9.07007 19.3054
6096.09 9.08865 19.3968
6096.02 9.10651 19.3483
6095.9 9.12371 19.0356
6096.22 9.14038 18.3296
6095.74 9.15674 18.5167
6096.1 9.1727 18.5417
6095.72 9.18761 18.7193
6096.14 9.20152 18.4032
6095.62 9.21493 18.6746
6095.57 9.22858 18.9787
6095.99 9.2429 18.9908
6095.87 9.25793 18.6809
6096.05 9.27248 18.5997
6095.88 9.28608 19.0774
6095.97 9.29952 19.0141
6096.13 9.31327 18.7625
6096 9.32743 18.8838
6096 9.34204 18.8618
6096.01 9.35694 18.8705
6095.94 9.37194 18.9318
6096.16 9.38691 18.6543
6095.82 9.40158 18.7719
6096.17 9.4161 18.5334
6095.76 9.43041 18.8976
6096.1 9.44424 18.7486
6096.05 9.4578 18.7207
6096.04 9.47093 18.9552
6096.01 9.48327 19.1912
6095.97 9.4948 19.1306
6096.13 9.50554 18.9422
6096.11 9.51582 19.1418
6096.04 9.52612 19.3396
6095.98 9.53656 19.2491
6096.15 9.54711 18.7746
6095.88 9.55713 18.7687
6096.01 9.56652 18.8275
6096.04 9.57614 18.8786
6096.17 9.58685 18.812
6095.89 9.59872 19.0555
6096.06 9.61169 19.1244
6096.01 9.62573 19.2983
6096.25 9.64086 19.0993
6095.86 9.65667 19.2332
6096.01 9.67297 18.865
6096.34 9.68962 18.3161
6095.78 9.70603 18.8904
6096.05 9.72258 19.0005
6096.04 9.74023 19.0387
6095.92 9.75915 18.9109
6095.94 9.77897 18.918
6096.04 9.79965 19.1267
6095.9 9.82095 18.9984
6096.06 9.84207 18.4574
6096.21 9.86218 18.3951
6095.78 9.88095 19.011
6096.03 9.89955 18.8495
6095.97 9.91764 19.0965
6095.99 9.93562 19.4395
6095.99 9.95404 19.2948
6096.22 9.97283 18.796
6096.01 9.99138 18.8353
6096.01 10.0097 18.9084
6095.93 10.0275 19.0023
6095.93 10.0443 18.8347
6095.93 10.0592 18.5516
6095.99 10.0724 18.4612
6096.18 10.085 18.4593
6095.86 10.0976 19.0789
6096 10.1104 19.163
6096.07 10.1236 19.0005
6096.25 10.1369 18.8505
6096.03 10.1491 19.1
6096.03 10.1604 19.2214
6096.14 10.1714 19.1414
6096.05 10.1826 19.1271
6096.09 10.1942 18.9549
6095.98 10.2058 18.7868
6095.97 10.2174 18.6268
6095.85 10.2291 18.9766
6096.01 10.2413 19.1266
6096.04 10.2541 18.8626
6096 10.2667 18.7284
6096.06 10.2789 18.7125
6096.07 10.2906 18.9478
6095.8 10.3024 19.2978
6095.87 10.3141 19.1639
6096.15 10.3252 18.8894
6096.13 10.336 18.675
6095.91 10.3467 18.7664
6096.15 10.3573 18.2744
6095.95 10.3676 18.503
6095.78 10.3772 18.9716
6096.2 10.3865 18.8803
6095.94 10.3959 19.0792
6096.11 10.4056 19.0796
6096.14 10.4159 19.1833
6096.08 10.4268 19.3395
6096 10.4386 19.2698
6096.08 10.4511 18.9143
6095.78 10.4646 18.4694
6095.58 10.4781 18.3717
6095.92 10.4902 18.626
6095.94 10.5011 18.7735
6096.1 10.512 18.821
6095.97 10.5235 19.0253
6096.11 10.5353 18.9006
6095.97 10.5474 19.0514
6095.98 10.5597 19.034
6096.03 10.5722 18.7581
6095.94 10.5845 18.7854
6096.06 10.5969 18.9329
6096.1 10.6097 19.0934
6095.96 10.6223 19.2793
6096.01 10.6345 19.1007
6095.9 10.6452 19.0577
6096.16 10.6546 18.919
6095.97 10.6626 18.8276
6096.11 10.6702 18.7275
6095.98 10.6779 19.0006
6095.97 10.6859 19.0639
6095.88 10.6936 18.6918
6096.1 10.7011 18.3903
6095.84 10.7091 18.8114
6095.85 10.7178 18.9835
6096.16 10.7264 18.7775
6095.86 10.7342 18.9873
6096.03 10.742 18.9266
6096.09 10.7499 18.9116
6095.77 10.7582 18.7575
6095.95 10.7672 18.5511
6095.94 10.7766 18.8937
6095.88 10.7862 18.9962
6096.16 10.7965 18.7946
6096.02 10.8077 18.9507
6095.95 10.8195 19.0697
6095.97 10.8315 18.6731
6096.19 10.8427 18.2184
6095.72 10.8531 18.7324
6096.01 10.8632 19.0033
6096.09 10.8735 19.0158
6095.99 10.8838 19.1012
6096.03 10.8942 19.055
6096.09 10.9046 18.9349
6096.01 10.9148 19.1799
6095.98 10.9253 19.3088
6096.14 10.9362 19.0964
6096.08 10.9478 19.0551
6095.99 10.9599 18.9516
6096.14 10.9724 18.6015
6096.05 10.9851 18.6319
6095.9 10.9976 18.9291
6095.98 11.0101 18.7072
6096.09 11.023 18.4645
6095.9 11.0357 18.899
6096.05 11.0484 19.161
6096.08 11.0616 19.2054
6095.93 11.0749 18.9778
6096.12 11.0881 18.844
6095.95 11.1011 19.1986
6095.94 11.1135 18.9903
6096.04 11.125 18.6252
6095.81 11.135 18.6548
6095.62 11.144 18.7044
6095.86 11.1527 18.7616
6095.89 11.1612 19.0195
6095.99 11.1692 19.0691
6095.88 11.1769 19.0311
6096.14 11.1848 18.3562
6095.83 11.1924 18.5362
6095.92 11.2 18.8094
6096.08 11.2079 18.7741
6096.07 11.2156 19.0107
6095.97 11.2234 19.2442
6096.16 11.2314 19.1474
6096.02 11.2397 19.2626
6096.11 11.248 19.2172
6096.01 11.2566 19.1481
6096.17 11.2659 18.8425
6095.92 11.2755 18.8406
6096.01 11.2848 18.61
6096.08 11.2939 18.3529
6096.01 11.3026 18.6169
6095.93 11.3107 19.1254
6096.01 11.3186 19.1204
6096.02 11.3264 18.7566
6096.11 11.3339 18.4045
6095.89 11.3405 18.7375
6095.96 11.3468 18.9417
6096.18 11.3535 18.8734
6096.1 11.3607 19.0895
6096.03 11.3682 19.3043
6096.04 11.376 19.2975
6096.06 11.3842 19.0608
6096.14 11.3927 18.9424
6096.09 11.4015 19.2569
6096 11.4109 19.5726
6096.02 11.4208 19.3897
6096.18 11.431 19.0297
6096.03 11.4415 18.8952
6096.02 11.4533 18.7849
6096.02 11.4665 18.8924
6095.97 11.4802 18.9954
6095.95 11.494 18.7543
6095.89 11.5075 18.6441
6096.06 11.5206 18.7062
6096.05 11.5333 18.7431
