0 0.1
10 0.1
20 0.1
30 0.1
40 0.1
50 0.1
60 0.1
70 0.1
80 0.1
90 0.1
100 0.100001
110 0.100005
120 0.100063
130 0.100083
140 0.100007
150 0.100001
160 0.1
170 0.1
180 0.1
190 0.1
200 0.1
210 0.100001
220 0.100002
230 0.100003
240 0.100003
250 0.100002
260 0.100001
270 0.1
280 0.1
290 0.1
300 0.1
310 0.100001
320 0.100001
330 0.100001
340 0.100003
350 0.100016
360 0.100023
370 0.100005
380 0.100001
390 0.100001
400 0.100002
410 0.100016
420 0.100013
430 0.100004
440 0.100046
450 0.101439
460 0.100645
470 0.100635
480 0.100635
490 0.100635
500 0.100635
510 0.100635
520 0.100635
530 0.100635
540 0.100637
550 0.100687
560 0.104829
570 0.104642
580 0.104591
590 0.104571
600 0.104569
610 0.10457
620 0.104653
630 0.107163
640 0.107045
650 0.107047
660 0.107046
670 0.107046
680 0.107045
690 0.107044
700 0.107044
710 0.107046
720 0.107052
730 0.107085
740 0.107121
750 0.107075
760 0.10705
770 0.107046
780 0.10705
790 0.107175
800 0.113674
810 0.113663
820 0.113663
830 0.113664
840 0.113664
850 0.113664
860 0.113663
870 0.113662
880 0.113662
890 0.113662
900 0.113662
910 0.113662
920 0.113663
930 0.113664
940 0.113665
950 0.113663
960 0.113663
970 0.113666
980 0.11368
990 0.113683
