31806.8
31806.8
31806.8
31806.3
31800.5
31798.6
31800.2
31805
31805.6
31806.4
31803.5
31803.9
31802.7
31804.1
31807.3
31803
31807.1
31805.3
31804
31805.5
31803.6
31811.1
31802.9
31800.8
31804.9
31803.9
31807.8
31803.9
31804
31805.8
31806.3
31802.5
31807.6
31804.5
31804.4
31804
31806
31805.1
31806.6
31804.9
31805.7
31805.5
31805.1
31806.7
31804.9
31805.9
31805.3
31805.4
31805.5
31802.6
31809.8
31801.9
31806.1
31806.8
31805.2
31804.6
31803.4
31803.6
31804.7
31801.8
31800.4
31801.4
31804.2
31803.2
31805
31804.3
31805.2
31801.4
31801.5
31800.3
31805.9
31805.6
31804.2
31804
31804.7
31805.5
31805.7
31803.6
31805.6
31804.6
31801.7
31803.1
31806.2
31805.2
31806.1
31805.6
31805.3
31802.6
31806.8
31804
31802.2
31805.7
31801.9
31803.6
31802.9
31802.6
31807.7
31801.4
31806.7
31804.5
31804.7
31801.4
31802.3
31803.7
31805
31805.2
31803.7
31805.5
31804.7
31805.8
31805.9
31804.5
31806.2
31806.2
31803.6
31806.6
31803.8
31808.3
31804.8
31805
31803.8
31808.6
31804
31800.8
31796
31797
31805.6
31805.3
31807.6
31800
31803.1
31799.9
31806.4
31803.9
31804.9
31801.5
31799.6
31804.9
31801.8
31805.8
31804.2
31805.6
31803.9
31809.2
31803.2
31804.7
31804.8
31803.7
31804.6
31805.9
31804.1
31801.5
31802.3
31804
31806.3
31803.1
31805.6
31802.3
31805.7
31799.6
31801.5
31799.9
31805.7
31803.3
31803.8
31802.6
31805.6
31802.3
31802
31805.3
31804.7
31808.2
31804.4
31806.4
31805
31806.2
31804.6
31805
31801.2
31816.8
31803
31802.9
31800.1
31805.3
31796.9
31802.6
31803.9
31803.6
31803.9
31797.5
31806.1
31807.5
31803.2
31803.8
31801.3
31799.1
31805.3
31804.7
31802.9
31807
